1. 从最大的color开始去除？看下能不能去掉。

1. 先选最高degree的node
2. 接下来的node选可以和colored nodes form complete graph的
3. 筛选所有node，form成一个complete graph，此时结果一定是对的
4. 剩下的从最高级，而且和colorednodes相连的进行筛选
4. 或者从和colorednodes的相连edge最多的进行筛选

最开始的方法结果如下：
97 0
79 48 19 49 69 28 25 90 45 11 50 3 12 72 67 59 59 51 71 30 9 16 80 17 7 46 0 60 20 51 11 76 26 13 52 31 53 68 27 23 54 2 72 69 24 23 27 56 53 41 25 42 42 33 85 20 34 40 61 81 8 85 49 57 67 43 60 44 17 6 14 21 47 54 10 48 89 55 30 71 6 63 66 31 4 32 62 33 77 24 78 86 8 48 43 44 21 43 15 26 61 29 2 27 36 44 76 80 32 93 8 45 70 28 75 9 37 91 77 92 7 87 46 17 82 1 9 63 16 70 87 2 31 62 82 13 22 88 60 71 23 56 58 64 69 59 87 27 65 65 10 4 36 18 19 12 83 50 72 77 11 65 73 78 74 64 15 53 1 24 69 64 18 73 41 79 19 75 92 34 22 51 21 10 26 35 47 83 49 94 18 45 66 3 55 35 36 74 37 32 29 14 67 88 34 52 22 57 89 84 6 58 4 38 90 5 86 95 76 38 5 39 68 41 54 38 81 33 79 84 70 20 0 47 14 13 42 89 93 37 56 29 58 96 39 6 40 59 28 16

